what,kind,bundleId,bundleVersion,description,time
activated,view,org.eclipse.ui.navigator.resources,3.4.300.v20110928-1505,"org.eclipse.ui.navigator.ProjectExplorer",1413788390421
deactivated,workbench,org.eclipse.ui.workbench,3.7.1.v20120104-1859,"",1413788395484
activated,workbench,org.eclipse.ui.workbench,3.7.1.v20120104-1859,"",1413788400765
deactivated,workbench,org.eclipse.ui.workbench,3.7.1.v20120104-1859,"",1413788407515
activated,workbench,org.eclipse.ui.workbench,3.7.1.v20120104-1859,"",1413788438468
opened,editor,org.eclipse.jdt.ui,3.7.2.v20120109-1427,"org.eclipse.jdt.ui.CompilationUnitEditor",1413788438734
activated,editor,org.eclipse.jdt.ui,3.7.2.v20120109-1427,"org.eclipse.jdt.ui.CompilationUnitEditor",1413788438781
executed,command,org.eclipse.ui,3.7.0.v20110928-1505,"org.eclipse.ui.edit.delete",1413788442046
executed,command,org.eclipse.ui,3.7.0.v20110928-1505,"org.eclipse.ui.edit.delete",1413788444468
executed,command,org.eclipse.ui,3.7.0.v20110928-1505,"org.eclipse.ui.edit.delete",1413788446156
executed,command,org.eclipse.ui,3.7.0.v20110928-1505,"org.eclipse.ui.edit.delete",1413788447265
executed,command,org.eclipse.jdt.ui,3.7.2.v20120109-1427,"org.eclipse.jdt.ui.edit.text.java.format",1413788449187
executed,command,org.eclipse.jdt.ui,3.7.2.v20120109-1427,"org.eclipse.jdt.ui.edit.text.java.organize.imports",1413788474609
executed,command,org.eclipse.ui,3.7.0.v20110928-1505,"org.eclipse.ui.file.save",1413788486765
deactivated,workbench,org.eclipse.ui.workbench,3.7.1.v20120104-1859,"",1413788518812
activated,workbench,org.eclipse.ui.workbench,3.7.1.v20120104-1859,"",1413788588578
closed,editor,org.eclipse.jdt.ui,3.7.2.v20120109-1427,"org.eclipse.jdt.ui.CompilationUnitEditor",1413788590140
closed,editor,org.eclipse.jdt.ui,3.7.2.v20120109-1427,"org.eclipse.jdt.ui.CompilationUnitEditor",1413788591156
activated,view,org.eclipse.ui.navigator.resources,3.4.300.v20110928-1505,"org.eclipse.ui.navigator.ProjectExplorer",1413788595468
started,bundle,org.eclipse.wst.xsl.ui,1.1.200.v201103082057,"org.eclipse.wst.xsl.ui",1413788604078
opened,editor,com.android.ide.eclipse.adt,22.0.4.v201307151829--741630,"com.android.ide.eclipse.editors.CommonXmlEditor",1413788604296
activated,editor,com.android.ide.eclipse.adt,22.0.4.v201307151829--741630,"com.android.ide.eclipse.editors.CommonXmlEditor",1413788604671
deactivated,workbench,org.eclipse.ui.workbench,3.7.1.v20120104-1859,"",1413788622875
activated,workbench,org.eclipse.ui.workbench,3.7.1.v20120104-1859,"",1413788622890
deactivated,workbench,org.eclipse.ui.workbench,3.7.1.v20120104-1859,"",1413788622984
activated,workbench,org.eclipse.ui.workbench,3.7.1.v20120104-1859,"",1413788627484
error,log,,,"null",1413788629953
error,log,,,"null",1413788640265
executed,command,org.eclipse.ui.workbench.texteditor,3.7.0.v20110928-1504,"org.eclipse.ui.edit.text.goto.lineEnd",1413788644281
error,log,,,"null",1413788645875
error,log,,,"null",1413788680906
error,log,,,"null",1413788685531
executed,command,org.eclipse.ui.workbench.texteditor,3.7.0.v20110928-1504,"org.eclipse.ui.edit.text.goto.lineEnd",1413788689671
error,log,,,"null",1413788691203
executed,command,org.eclipse.ui,3.7.0.v20110928-1505,"org.eclipse.ui.file.save",1413788694984
deactivated,workbench,org.eclipse.ui.workbench,3.7.1.v20120104-1859,"",1413788780812
activated,workbench,org.eclipse.ui.workbench,3.7.1.v20120104-1859,"",1413788789453
activated,editor,org.eclipse.jdt.ui,3.7.2.v20120109-1427,"org.eclipse.jdt.ui.CompilationUnitEditor",1413788793562
activated,editor,com.android.ide.eclipse.adt,22.0.4.v201307151829--741630,"com.android.ide.eclipse.editors.CommonXmlEditor",1413788797125
activated,editor,org.eclipse.jdt.ui,3.7.2.v20120109-1427,"org.eclipse.jdt.ui.CompilationUnitEditor",1413788804750
activated,editor,com.android.ide.eclipse.adt,22.0.4.v201307151829--741630,"com.android.ide.eclipse.editors.CommonXmlEditor",1413788807515
activated,editor,org.eclipse.jdt.ui,3.7.2.v20120109-1427,"org.eclipse.jdt.ui.CompilationUnitEditor",1413788814234
executed,command,org.eclipse.ui,3.7.0.v20110928-1505,"org.eclipse.ui.file.save",1413788842812
executed,command,org.eclipse.ui,3.7.0.v20110928-1505,"org.eclipse.ui.file.save",1413788856734
executed,command,org.eclipse.ui,3.7.0.v20110928-1505,"org.eclipse.ui.edit.text.contentAssist.proposals",1413788876265
executed,command,org.eclipse.ui,3.7.0.v20110928-1505,"org.eclipse.ui.edit.text.contentAssist.proposals",1413788885234
executed,command,org.eclipse.ui,3.7.0.v20110928-1505,"org.eclipse.ui.file.save",1413788891187
activated,view,org.eclipse.wst.server.ui,1.3.0.v20120210_1439,"org.eclipse.wst.server.ui.ServersView",1413788921156
executed,command,org.eclipse.wst.server.ui,1.3.0.v20120210_1439,"org.eclipse.wst.server.run",1413788922421
activated,view,org.eclipse.ui.console,3.5.100.v20111007_r372,"org.eclipse.ui.console.ConsoleView",1413788923078
activated,view,org.eclipse.wst.server.ui,1.3.0.v20120210_1439,"org.eclipse.wst.server.ui.ServersView",1413788923156
activated,view,org.eclipse.ui.console,3.5.100.v20111007_r372,"org.eclipse.ui.console.ConsoleView",1413788923968
activated,view,org.eclipse.wst.server.ui,1.3.0.v20120210_1439,"org.eclipse.wst.server.ui.ServersView",1413788925890
activated,editor,org.eclipse.jdt.ui,3.7.2.v20120109-1427,"org.eclipse.jdt.ui.CompilationUnitEditor",1413788927296
activated,view,org.eclipse.ui.navigator.resources,3.4.300.v20110928-1505,"org.eclipse.ui.navigator.ProjectExplorer",1413788938781
activated,editor,org.eclipse.jdt.ui,3.7.2.v20120109-1427,"org.eclipse.jdt.ui.CompilationUnitEditor",1413788947203
activated,view,org.eclipse.ui.navigator.resources,3.4.300.v20110928-1505,"org.eclipse.ui.navigator.ProjectExplorer",1413788951531
started,bundle,org.eclipse.jst.ejb.ui,1.1.601.v201201261600,"org.eclipse.jst.ejb.ui",1413788954296
deactivated,workbench,org.eclipse.ui.workbench,3.7.1.v20120104-1859,"",1413788955000
started,bundle,org.eclipse.jst.server.generic.core,1.0.700.v20101219,"org.eclipse.jst.server.generic.core",1413788955234
started,bundle,org.eclipse.jst.server.preview.adapter,1.1.100.v20100308,"org.eclipse.jst.server.preview.adapter",1413788955265
activated,workbench,org.eclipse.ui.workbench,3.7.1.v20120104-1859,"",1413788957453
executed,command,org.eclipse.wst.server.ui,1.3.0.v20120210_1439,"org.eclipse.wst.server.launchShortcut.run",1413788957546
started,bundle,org.eclipse.ui.browser,3.3.101.v20111019-1723,"org.eclipse.ui.browser",1413788957578
opened,editor,org.eclipse.ui.browser,3.3.101.v20111019-1723,"org.eclipse.ui.browser.editor",1413788957859
activated,editor,org.eclipse.ui.browser,3.3.101.v20111019-1723,"org.eclipse.ui.browser.editor",1413788957953
activated,editor,org.eclipse.jdt.ui,3.7.2.v20120109-1427,"org.eclipse.jdt.ui.CompilationUnitEditor",1413788965171
closed,editor,org.eclipse.ui.browser,3.3.101.v20111019-1723,"org.eclipse.ui.browser.editor",1413788965171
deactivated,workbench,org.eclipse.ui.workbench,3.7.1.v20120104-1859,"",1413788968703
activated,workbench,org.eclipse.ui.workbench,3.7.1.v20120104-1859,"",1413788979812
executed,command,org.eclipse.ui,3.7.0.v20110928-1505,"org.eclipse.ui.window.preferences",1413788979843
deactivated,workbench,org.eclipse.ui.workbench,3.7.1.v20120104-1859,"",1413788983406
activated,workbench,org.eclipse.ui.workbench,3.7.1.v20120104-1859,"",1413789003718
executed,command,org.eclipse.ui,3.7.0.v20110928-1505,"org.eclipse.ui.window.preferences",1413789003734
activated,view,org.eclipse.ui.navigator.resources,3.4.300.v20110928-1505,"org.eclipse.ui.navigator.ProjectExplorer",1413789004890
deactivated,workbench,org.eclipse.ui.workbench,3.7.1.v20120104-1859,"",1413789006890
activated,workbench,org.eclipse.ui.workbench,3.7.1.v20120104-1859,"",1413789008203
executed,command,org.eclipse.wst.server.ui,1.3.0.v20120210_1439,"org.eclipse.wst.server.launchShortcut.run",1413789008250
deactivated,workbench,org.eclipse.ui.workbench,3.7.1.v20120104-1859,"",1413789008546
activated,workbench,org.eclipse.ui.workbench,3.7.1.v20120104-1859,"",1413789017343
deactivated,workbench,org.eclipse.ui.workbench,3.7.1.v20120104-1859,"",1413789019500
activated,workbench,org.eclipse.ui.workbench,3.7.1.v20120104-1859,"",1413789032843
executed,command,org.eclipse.ui,3.7.0.v20110928-1505,"org.eclipse.ui.window.preferences",1413789032890
activated,view,org.eclipse.ui.console,3.5.100.v20111007_r372,"org.eclipse.ui.console.ConsoleView",1413789033546
deactivated,workbench,org.eclipse.ui.workbench,3.7.1.v20120104-1859,"",1413789036531
activated,workbench,org.eclipse.ui.workbench,3.7.1.v20120104-1859,"",1413789054000
activated,editor,org.eclipse.jdt.ui,3.7.2.v20120109-1427,"org.eclipse.jdt.ui.CompilationUnitEditor",1413789054046
deactivated,workbench,org.eclipse.ui.workbench,3.7.1.v20120104-1859,"",1413789055046
activated,workbench,org.eclipse.ui.workbench,3.7.1.v20120104-1859,"",1413789055062
deactivated,workbench,org.eclipse.ui.workbench,3.7.1.v20120104-1859,"",1413789055171
activated,workbench,org.eclipse.ui.workbench,3.7.1.v20120104-1859,"",1413789057406
deactivated,workbench,org.eclipse.ui.workbench,3.7.1.v20120104-1859,"",1413789058562
activated,workbench,org.eclipse.ui.workbench,3.7.1.v20120104-1859,"",1413789106750
deactivated,workbench,org.eclipse.ui.workbench,3.7.1.v20120104-1859,"",1413789113171
activated,workbench,org.eclipse.ui.workbench,3.7.1.v20120104-1859,"",1413789113187
deactivated,workbench,org.eclipse.ui.workbench,3.7.1.v20120104-1859,"",1413789113250
activated,workbench,org.eclipse.ui.workbench,3.7.1.v20120104-1859,"",1413789131812
executed,command,org.eclipse.ui,3.7.0.v20110928-1505,"org.eclipse.ui.edit.delete",1413789155890
executed,command,org.eclipse.ui,3.7.0.v20110928-1505,"org.eclipse.ui.edit.delete",1413789156046
executed,command,org.eclipse.ui,3.7.0.v20110928-1505,"org.eclipse.ui.edit.delete",1413789156203
executed,command,org.eclipse.ui,3.7.0.v20110928-1505,"org.eclipse.ui.edit.delete",1413789156390
executed,command,org.eclipse.ui,3.7.0.v20110928-1505,"org.eclipse.ui.file.save",1413789178218
activated,view,org.eclipse.ui.navigator.resources,3.4.300.v20110928-1505,"org.eclipse.ui.navigator.ProjectExplorer",1413789199718
activated,editor,org.eclipse.jdt.ui,3.7.2.v20120109-1427,"org.eclipse.jdt.ui.CompilationUnitEditor",1413789202546
activated,view,org.eclipse.ui.navigator.resources,3.4.300.v20110928-1505,"org.eclipse.ui.navigator.ProjectExplorer",1413789208093
deactivated,workbench,org.eclipse.ui.workbench,3.7.1.v20120104-1859,"",1413789210828
activated,workbench,org.eclipse.ui.workbench,3.7.1.v20120104-1859,"",1413789242484
opened,editor,org.eclipse.jdt.ui,3.7.2.v20120109-1427,"org.eclipse.jdt.ui.CompilationUnitEditor",1413789242765
activated,editor,org.eclipse.jdt.ui,3.7.2.v20120109-1427,"org.eclipse.jdt.ui.CompilationUnitEditor",1413789242843
executed,command,org.eclipse.ui,3.7.0.v20110928-1505,"org.eclipse.ui.edit.delete",1413789245078
executed,command,org.eclipse.ui,3.7.0.v20110928-1505,"org.eclipse.ui.edit.delete",1413789246312
executed,command,org.eclipse.ui,3.7.0.v20110928-1505,"org.eclipse.ui.edit.delete",1413789247515
executed,command,org.eclipse.jdt.ui,3.7.2.v20120109-1427,"org.eclipse.jdt.ui.edit.text.java.format",1413789248765
executed,command,org.eclipse.ui,3.7.0.v20110928-1505,"org.eclipse.ui.file.save",1413789249468
activated,editor,org.eclipse.jdt.ui,3.7.2.v20120109-1427,"org.eclipse.jdt.ui.CompilationUnitEditor",1413789255281
executed,command,org.eclipse.ui,3.7.0.v20110928-1505,"org.eclipse.ui.edit.copy",1413789258656
activated,editor,org.eclipse.jdt.ui,3.7.2.v20120109-1427,"org.eclipse.jdt.ui.CompilationUnitEditor",1413789259781
executed,command,org.eclipse.ui,3.7.0.v20110928-1505,"org.eclipse.ui.edit.paste",1413789263046
executed,command,org.eclipse.jdt.ui,3.7.2.v20120109-1427,"org.eclipse.jdt.ui.edit.text.java.format",1413789264046
executed,command,org.eclipse.ui,3.7.0.v20110928-1505,"org.eclipse.ui.file.save",1413789264609
activated,editor,org.eclipse.jdt.ui,3.7.2.v20120109-1427,"org.eclipse.jdt.ui.CompilationUnitEditor",1413789268843
activated,editor,org.eclipse.jdt.ui,3.7.2.v20120109-1427,"org.eclipse.jdt.ui.CompilationUnitEditor",1413789273718
executed,command,org.eclipse.ui,3.7.0.v20110928-1505,"org.eclipse.ui.file.save",1413789302671
executed,command,org.eclipse.ui,3.7.0.v20110928-1505,"org.eclipse.ui.file.save",1413789308046
executed,command,org.eclipse.ui,3.7.0.v20110928-1505,"org.eclipse.ui.edit.text.contentAssist.proposals",1413789315781
executed,command,org.eclipse.ui,3.7.0.v20110928-1505,"org.eclipse.ui.file.save",1413789319968
activated,view,org.eclipse.wst.server.ui,1.3.0.v20120210_1439,"org.eclipse.wst.server.ui.ServersView",1413789326859
executed,command,org.eclipse.wst.server.ui,1.3.0.v20120210_1439,"org.eclipse.wst.server.run",1413789328578
activated,editor,org.eclipse.jdt.ui,3.7.2.v20120109-1427,"org.eclipse.jdt.ui.CompilationUnitEditor",1413789328968
activated,editor,org.eclipse.jdt.ui,3.7.2.v20120109-1427,"org.eclipse.jdt.ui.CompilationUnitEditor",1413789353968
activated,editor,org.eclipse.jdt.ui,3.7.2.v20120109-1427,"org.eclipse.jdt.ui.CompilationUnitEditor",1413789356828
deactivated,workbench,org.eclipse.ui.workbench,3.7.1.v20120104-1859,"",1413789361656
activated,workbench,org.eclipse.ui.workbench,3.7.1.v20120104-1859,"",1413789382796
activated,view,org.eclipse.ui.console,3.5.100.v20111007_r372,"org.eclipse.ui.console.ConsoleView",1413789382843
deactivated,workbench,org.eclipse.ui.workbench,3.7.1.v20120104-1859,"",1413789383984
activated,workbench,org.eclipse.ui.workbench,3.7.1.v20120104-1859,"",1413789384000
deactivated,workbench,org.eclipse.ui.workbench,3.7.1.v20120104-1859,"",1413789384062
activated,workbench,org.eclipse.ui.workbench,3.7.1.v20120104-1859,"",1413789406453
deactivated,workbench,org.eclipse.ui.workbench,3.7.1.v20120104-1859,"",1413789408343
activated,workbench,org.eclipse.ui.workbench,3.7.1.v20120104-1859,"",1413789448953
activated,editor,org.eclipse.jdt.ui,3.7.2.v20120109-1427,"org.eclipse.jdt.ui.CompilationUnitEditor",1413789449000
activated,view,org.eclipse.ui.console,3.5.100.v20111007_r372,"org.eclipse.ui.console.ConsoleView",1413789451187
activated,view,org.eclipse.wst.server.ui,1.3.0.v20120210_1439,"org.eclipse.wst.server.ui.ServersView",1413789451453
executed,command,org.eclipse.wst.server.ui,1.3.0.v20120210_1439,"org.eclipse.wst.server.run",1413789453234
activated,view,org.eclipse.ui.console,3.5.100.v20111007_r372,"org.eclipse.ui.console.ConsoleView",1413789454218
activated,view,org.eclipse.wst.server.ui,1.3.0.v20120210_1439,"org.eclipse.wst.server.ui.ServersView",1413789456125
deactivated,workbench,org.eclipse.ui.workbench,3.7.1.v20120104-1859,"",1413789457875
activated,workbench,org.eclipse.ui.workbench,3.7.1.v20120104-1859,"",1413789457890
deactivated,workbench,org.eclipse.ui.workbench,3.7.1.v20120104-1859,"",1413789457968
activated,workbench,org.eclipse.ui.workbench,3.7.1.v20120104-1859,"",1413789459406
activated,view,org.eclipse.ui.console,3.5.100.v20111007_r372,"org.eclipse.ui.console.ConsoleView",1413789459406
activated,editor,org.eclipse.jdt.ui,3.7.2.v20120109-1427,"org.eclipse.jdt.ui.CompilationUnitEditor",1413789694031
deactivated,workbench,org.eclipse.ui.workbench,3.7.1.v20120104-1859,"",1413789695765
activated,workbench,org.eclipse.ui.workbench,3.7.1.v20120104-1859,"",1413789702750
activated,view,org.eclipse.ui.console,3.5.100.v20111007_r372,"org.eclipse.ui.console.ConsoleView",1413789702796
deactivated,workbench,org.eclipse.ui.workbench,3.7.1.v20120104-1859,"",1413789704890
activated,workbench,org.eclipse.ui.workbench,3.7.1.v20120104-1859,"",1413789704890
deactivated,workbench,org.eclipse.ui.workbench,3.7.1.v20120104-1859,"",1413789704968
activated,workbench,org.eclipse.ui.workbench,3.7.1.v20120104-1859,"",1413789713437
activated,editor,org.eclipse.jdt.ui,3.7.2.v20120109-1427,"org.eclipse.jdt.ui.CompilationUnitEditor",1413789713484
deactivated,workbench,org.eclipse.ui.workbench,3.7.1.v20120104-1859,"",1413789714718
activated,workbench,org.eclipse.ui.workbench,3.7.1.v20120104-1859,"",1413789714734
deactivated,workbench,org.eclipse.ui.workbench,3.7.1.v20120104-1859,"",1413789714796
activated,workbench,org.eclipse.ui.workbench,3.7.1.v20120104-1859,"",1413789736390
closed,editor,org.eclipse.jdt.ui,3.7.2.v20120109-1427,"org.eclipse.jdt.ui.CompilationUnitEditor",1413789738453
deactivated,workbench,org.eclipse.ui.workbench,3.7.1.v20120104-1859,"",1413789740328
activated,workbench,org.eclipse.ui.workbench,3.7.1.v20120104-1859,"",1413789741203
deactivated,workbench,org.eclipse.ui.workbench,3.7.1.v20120104-1859,"",1413789752187
activated,workbench,org.eclipse.ui.workbench,3.7.1.v20120104-1859,"",1413789752203
deactivated,workbench,org.eclipse.ui.workbench,3.7.1.v20120104-1859,"",1413789752281
activated,workbench,org.eclipse.ui.workbench,3.7.1.v20120104-1859,"",1413789771281
activated,view,org.eclipse.ui.navigator.resources,3.4.300.v20110928-1505,"org.eclipse.ui.navigator.ProjectExplorer",1413789810000
activated,editor,org.eclipse.jdt.ui,3.7.2.v20120109-1427,"org.eclipse.jdt.ui.CompilationUnitEditor",1413789813953
executed,command,org.eclipse.ui,3.7.0.v20110928-1505,"org.eclipse.ui.edit.text.contentAssist.proposals",1413789816359
executed,command,org.eclipse.ui,3.7.0.v20110928-1505,"org.eclipse.ui.file.save",1413789817656
activated,view,org.eclipse.ui.console,3.5.100.v20111007_r372,"org.eclipse.ui.console.ConsoleView",1413789819453
activated,editor,org.eclipse.jdt.ui,3.7.2.v20120109-1427,"org.eclipse.jdt.ui.CompilationUnitEditor",1413789820562
activated,view,org.eclipse.ui.console,3.5.100.v20111007_r372,"org.eclipse.ui.console.ConsoleView",1413789827109
deactivated,workbench,org.eclipse.ui.workbench,3.7.1.v20120104-1859,"",1413789828421
activated,workbench,org.eclipse.ui.workbench,3.7.1.v20120104-1859,"",1413789828437
deactivated,workbench,org.eclipse.ui.workbench,3.7.1.v20120104-1859,"",1413789828500
activated,workbench,org.eclipse.ui.workbench,3.7.1.v20120104-1859,"",1413789832671
executed,command,org.eclipse.ui,3.7.0.v20110928-1505,"org.eclipse.ui.edit.copy",1413789885046
activated,editor,org.eclipse.jdt.ui,3.7.2.v20120109-1427,"org.eclipse.jdt.ui.CompilationUnitEditor",1413789885937
executed,command,org.eclipse.ui,3.7.0.v20110928-1505,"org.eclipse.ui.edit.paste",1413789886765
executed,command,org.eclipse.ui,3.7.0.v20110928-1505,"org.eclipse.ui.edit.undo",1413789915515
activated,view,org.eclipse.ui.console,3.5.100.v20111007_r372,"org.eclipse.ui.console.ConsoleView",1413789921312
activated,editor,org.eclipse.jdt.ui,3.7.2.v20120109-1427,"org.eclipse.jdt.ui.CompilationUnitEditor",1413789934656
deactivated,workbench,org.eclipse.ui.workbench,3.7.1.v20120104-1859,"",1413789942812
activated,workbench,org.eclipse.ui.workbench,3.7.1.v20120104-1859,"",1413790014218
activated,view,org.eclipse.ui.navigator.resources,3.4.300.v20110928-1505,"org.eclipse.ui.navigator.ProjectExplorer",1413790015531
deactivated,workbench,org.eclipse.ui.workbench,3.7.1.v20120104-1859,"",1413790017140
activated,workbench,org.eclipse.ui.workbench,3.7.1.v20120104-1859,"",1413790017171
deactivated,workbench,org.eclipse.ui.workbench,3.7.1.v20120104-1859,"",1413790017234
activated,workbench,org.eclipse.ui.workbench,3.7.1.v20120104-1859,"",1413790042343
deactivated,workbench,org.eclipse.ui.workbench,3.7.1.v20120104-1859,"",1413790053703
activated,workbench,org.eclipse.ui.workbench,3.7.1.v20120104-1859,"",1413790061656
deactivated,workbench,org.eclipse.ui.workbench,3.7.1.v20120104-1859,"",1413790066328
activated,workbench,org.eclipse.ui.workbench,3.7.1.v20120104-1859,"",1413790066359
deactivated,workbench,org.eclipse.ui.workbench,3.7.1.v20120104-1859,"",1413790066468
activated,workbench,org.eclipse.ui.workbench,3.7.1.v20120104-1859,"",1413790069515
executed,command,org.eclipse.ui,3.7.0.v20110928-1505,"org.eclipse.ui.edit.paste",1413790070843
activated,editor,org.eclipse.jdt.ui,3.7.2.v20120109-1427,"org.eclipse.jdt.ui.CompilationUnitEditor",1413790073796
deactivated,workbench,org.eclipse.ui.workbench,3.7.1.v20120104-1859,"",1413790138312
activated,workbench,org.eclipse.ui.workbench,3.7.1.v20120104-1859,"",1413790138312
deactivated,workbench,org.eclipse.ui.workbench,3.7.1.v20120104-1859,"",1413790138375
activated,workbench,org.eclipse.ui.workbench,3.7.1.v20120104-1859,"",1413790186328
activated,editor,com.android.ide.eclipse.adt,22.0.4.v201307151829--741630,"com.android.ide.eclipse.editors.CommonXmlEditor",1413790198546
closed,editor,org.eclipse.jdt.ui,3.7.2.v20120109-1427,"org.eclipse.jdt.ui.CompilationUnitEditor",1413790198546
activated,view,org.eclipse.ui.navigator.resources,3.4.300.v20110928-1505,"org.eclipse.ui.navigator.ProjectExplorer",1413790201093
closed,editor,com.android.ide.eclipse.adt,22.0.4.v201307151829--741630,"com.android.ide.eclipse.editors.CommonXmlEditor",1413790201093
deactivated,workbench,org.eclipse.ui.workbench,3.7.1.v20120104-1859,"",1413790208859
activated,workbench,org.eclipse.ui.workbench,3.7.1.v20120104-1859,"",1413790232312
opened,editor,org.eclipse.jdt.ui,3.7.2.v20120109-1427,"org.eclipse.jdt.ui.CompilationUnitEditor",1413790232609
activated,editor,org.eclipse.jdt.ui,3.7.2.v20120109-1427,"org.eclipse.jdt.ui.CompilationUnitEditor",1413790232687
executed,command,org.eclipse.ui,3.7.0.v20110928-1505,"org.eclipse.ui.edit.delete",1413790236625
executed,command,org.eclipse.ui,3.7.0.v20110928-1505,"org.eclipse.ui.edit.delete",1413790238468
executed,command,org.eclipse.jdt.ui,3.7.2.v20120109-1427,"org.eclipse.jdt.ui.edit.text.java.format",1413790240203
executed,command,org.eclipse.ui,3.7.0.v20110928-1505,"org.eclipse.ui.file.save",1413790243515
executed,command,org.eclipse.ui,3.7.0.v20110928-1505,"org.eclipse.ui.file.save",1413790247046
deactivated,workbench,org.eclipse.ui.workbench,3.7.1.v20120104-1859,"",1413790267671
activated,workbench,org.eclipse.ui.workbench,3.7.1.v20120104-1859,"",1413790284984
executed,command,org.eclipse.ui,3.7.0.v20110928-1505,"org.eclipse.ui.file.save",1413790321796
executed,command,org.eclipse.ui,3.7.0.v20110928-1505,"org.eclipse.ui.file.save",1413790340875
executed,command,org.eclipse.jdt.ui,3.7.2.v20120109-1427,"org.eclipse.jdt.ui.edit.text.java.organize.imports",1413790360125
executed,command,org.eclipse.ui,3.7.0.v20110928-1505,"org.eclipse.ui.edit.text.contentAssist.proposals",1413790363500
executed,command,org.eclipse.ui,3.7.0.v20110928-1505,"org.eclipse.ui.file.save",1413790393546
activated,view,org.eclipse.ui.navigator.resources,3.4.300.v20110928-1505,"org.eclipse.ui.navigator.ProjectExplorer",1413790408359
started,bundle,org.eclipse.pde.core,3.7.1.v20120103_r372,"org.eclipse.pde.core",1413790408625
deactivated,workbench,org.eclipse.ui.workbench,3.7.1.v20120104-1859,"",1413790410062
activated,workbench,org.eclipse.ui.workbench,3.7.1.v20120104-1859,"",1413790428796
executed,command,org.eclipse.ui,3.7.0.v20110928-1505,"org.eclipse.ui.file.properties",1413790428859
activated,editor,org.eclipse.jdt.ui,3.7.2.v20120109-1427,"org.eclipse.jdt.ui.CompilationUnitEditor",1413790430265
executed,command,org.eclipse.ui,3.7.0.v20110928-1505,"org.eclipse.ui.edit.paste",1413790432078
executed,command,org.eclipse.ui,3.7.0.v20110928-1505,"org.eclipse.ui.file.save",1413790432828
executed,command,org.eclipse.ui,3.7.0.v20110928-1505,"org.eclipse.ui.file.save",1413790447781
activated,view,org.eclipse.wst.server.ui,1.3.0.v20120210_1439,"org.eclipse.wst.server.ui.ServersView",1413790453187
executed,command,org.eclipse.wst.server.ui,1.3.0.v20120210_1439,"org.eclipse.wst.server.run",1413790454828
activated,view,org.eclipse.ui.console,3.5.100.v20111007_r372,"org.eclipse.ui.console.ConsoleView",1413790455500
activated,view,org.eclipse.wst.server.ui,1.3.0.v20120210_1439,"org.eclipse.wst.server.ui.ServersView",1413790455609
activated,view,org.eclipse.ui.console,3.5.100.v20111007_r372,"org.eclipse.ui.console.ConsoleView",1413790456468
activated,view,org.eclipse.wst.server.ui,1.3.0.v20120210_1439,"org.eclipse.wst.server.ui.ServersView",1413790458265
deactivated,workbench,org.eclipse.ui.workbench,3.7.1.v20120104-1859,"",1413790461343
activated,workbench,org.eclipse.ui.workbench,3.7.1.v20120104-1859,"",1413790461359
deactivated,workbench,org.eclipse.ui.workbench,3.7.1.v20120104-1859,"",1413790461406
activated,workbench,org.eclipse.ui.workbench,3.7.1.v20120104-1859,"",1413790483234
activated,editor,org.eclipse.jdt.ui,3.7.2.v20120109-1427,"org.eclipse.jdt.ui.CompilationUnitEditor",1413790490125
deactivated,workbench,org.eclipse.ui.workbench,3.7.1.v20120104-1859,"",1413790498062
activated,workbench,org.eclipse.ui.workbench,3.7.1.v20120104-1859,"",1413790519015
started,bundle,org.eclipse.equinox.p2.garbagecollector,1.0.200.v20110815-1419,"org.eclipse.equinox.p2.garbagecollector",1413790532500
executed,command,org.eclipse.ui,3.7.0.v20110928-1505,"org.eclipse.ui.edit.copy",1413790577359
executed,command,org.eclipse.ui,3.7.0.v20110928-1505,"org.eclipse.ui.edit.paste",1413790578953
executed,command,org.eclipse.ui,3.7.0.v20110928-1505,"org.eclipse.ui.file.save",1413790579468
executed,command,org.eclipse.ui,3.7.0.v20110928-1505,"org.eclipse.ui.edit.delete",1413790585671
executed,command,org.eclipse.ui,3.7.0.v20110928-1505,"org.eclipse.ui.file.save",1413790586234
deactivated,workbench,org.eclipse.ui.workbench,3.7.1.v20120104-1859,"",1413790642593
activated,workbench,org.eclipse.ui.workbench,3.7.1.v20120104-1859,"",1413790646156
executed,command,org.eclipse.jdt.ui,3.7.2.v20120109-1427,"org.eclipse.jdt.ui.edit.text.java.organize.imports",1413790646218
deactivated,workbench,org.eclipse.ui.workbench,3.7.1.v20120104-1859,"",1413790714984
activated,workbench,org.eclipse.ui.workbench,3.7.1.v20120104-1859,"",1413790755734
executed,command,org.eclipse.ui,3.7.0.v20110928-1505,"org.eclipse.ui.file.save",1413790766250
executed,command,org.eclipse.ui,3.7.0.v20110928-1505,"org.eclipse.ui.edit.delete",1413790805234
executed,command,org.eclipse.ui,3.7.0.v20110928-1505,"org.eclipse.ui.edit.delete",1413790805375
executed,command,org.eclipse.ui,3.7.0.v20110928-1505,"org.eclipse.ui.edit.delete",1413790805531
executed,command,org.eclipse.ui,3.7.0.v20110928-1505,"org.eclipse.ui.edit.copy",1413790809312
executed,command,org.eclipse.ui,3.7.0.v20110928-1505,"org.eclipse.ui.edit.paste",1413790810531
executed,command,org.eclipse.ui,3.7.0.v20110928-1505,"org.eclipse.ui.edit.copy",1413790816390
executed,command,org.eclipse.ui,3.7.0.v20110928-1505,"org.eclipse.ui.edit.paste",1413790817578
executed,command,org.eclipse.ui,3.7.0.v20110928-1505,"org.eclipse.ui.file.save",1413790818234
executed,command,org.eclipse.ui,3.7.0.v20110928-1505,"org.eclipse.ui.file.save",1413790866140
activated,view,org.eclipse.ui.console,3.5.100.v20111007_r372,"org.eclipse.ui.console.ConsoleView",1413790948343
activated,view,org.eclipse.wst.server.ui,1.3.0.v20120210_1439,"org.eclipse.wst.server.ui.ServersView",1413790949765
executed,command,org.eclipse.wst.server.ui,1.3.0.v20120210_1439,"org.eclipse.wst.server.run",1413790951312
activated,view,org.eclipse.ui.console,3.5.100.v20111007_r372,"org.eclipse.ui.console.ConsoleView",1413790951968
activated,view,org.eclipse.wst.server.ui,1.3.0.v20120210_1439,"org.eclipse.wst.server.ui.ServersView",1413790952140
